00 01 7a 89 ff 0b 08 01 c6 78 00 2b 08 00 45 00
04 38 da 90 40 00 40 06 ce 47 c6 79 00 2b c6 79
00 ca 00 66 0c 81 22 29 28 8f 52 ee 3d ec 80 18
20 00 73 5b 00 00 01 01 08 0a 00 86 b8 9a 00 05
5a 42 03 00 04 04 02 f0 00 01 00 01 00 61 82 04
a2 30 82 04 9e 02 01 03 a0 82 04 97 a3 82 04 93
a0 82 04 8f a1 05 80 03 52 50 54 a0 82 04 84 8a
09 45 31 51 31 41 6e 67 6c 65 84 03 06 3c 00 8c
06 01 ec aa 9b 26 1e 8a 1a 50 4c 31 30 30 33 50
43 53 39 36 31 31 2f 4c 4c 4e 30 24 64 73 41 6e
67 6c 65 84 03 00 ff ff 8a 23 50 4c 31 30 30 33
50 43 53 39 36 31 31 2f 4d 65 61 73 4d 4d 58 55
31 24 4d 58 24 41 6e 67 55 61 49 61 6d 8a 23 50
4c 31 30 30 33 50 43 53 39 36 31 31 2f 4d 65 61
73 4d 4d 58 55 31 24 4d 58 24 41 6e 67 55 62 49
62 6d 8a 23 50 4c 31 30 30 33 50 43 53 39 36 31
31 2f 4d 65 61 73 4d 4d 58 55 31 24 4d 58 24 41
6e 67 55 63 49 63 6d 8a 23 50 4c 31 30 30 33 50
43 53 39 36 31 31 2f 52 65 6c 79 4d 4d 58 55 32
24 4d 58 24 41 6e 67 55 61 62 55 78 8a 22 50 4c
31 30 30 33 50 43 53 39 36 31 31 2f 52 65 6c 79
4d 4d 58 55 32 24 4d 58 24 41 6e 67 55 61 55 62
8a 22 50 4c 31 30 30 33 50 43 53 39 36 31 31 2f
52 65 6c 79 4d 4d 58 55 32 24 4d 58 24 41 6e 67
55 62 55 63 8a 22 50 4c 31 30 30 33 50 43 53 39
36 31 31 2f 52 65 6c 79 4d 4d 58 55 32 24 4d 58
24 41 6e 67 55 63 55 61 8a 24 50 4c 31 30 30 33
50 43 53 39 36 31 31 2f 52 65 6c 79 4d 4d 58 55
32 24 4d 58 24 50 50 56 24 70 68 73 41 42 8a 24
50 4c 31 30 30 33 50 43 53 39 36 31 31 2f 52 65
6c 79 4d 4d 58 55 32 24 4d 58 24 50 50 56 24 70
68 73 42 43 8a 24 50 4c 31 30 30 33 50 43 53 39
36 31 31 2f 52 65 6c 79 4d 4d 58 55 32 24 4d 58
24 50 50 56 24 70 68 73 43 41 8a 22 50 4c 31 30
30 33 50 43 53 39 36 31 31 2f 52 65 6c 79 4d 4d
58 55 32 24 4d 58 24 41 6e 67 49 61 49 62 8a 22
50 4c 31 30 30 33 50 43 53 39 36 31 31 2f 52 65
6c 79 4d 4d 58 55 32 24 4d 58 24 41 6e 67 49 62
49 63 8a 22 50 4c 31 30 30 33 50 43 53 39 36 31
31 2f 52 65 6c 79 4d 4d 58 55 32 24 4d 58 24 41
6e 67 49 63 49 61 8a 22 50 4c 31 30 30 33 50 43
53 39 36 31 31 2f 52 65 6c 79 4d 4d 58 55 32 24
4d 58 24 41 6e 67 55 61 49 61 8a 22 50 4c 31 30
30 33 50 43 53 39 36 31 31 2f 52 65 6c 79 4d 4d
58 55 32 24 4d 58 24 41 6e 67 55 62 49 62 8a 22
50 4c 31 30 30 33 50 43 53 39 36 31 31 2f 52 65
6c 79 4d 4d 58 55 32 24 4d 58 24 41 6e 67 55 63
49 63 a2 18 a2 07 87 05 08 41 98 00 00 84 03 03
00 00 91 08 4c 95 d0 9e ba 9f b2 0a a2 18 a2 07
87 05 08 41 b0 00 00 84 03 03 00 00 91 08 4c 95
d0 9e ba 9f b2 0a a2 18 a2 07 87 05 08 41 a0 00
00 84 03 03 00 00 91 08 4c 95 d0 9e ba 9f b2 0a
a2 18 a2 07 87 05 08 00 00 00 00 84 03 03 00 00
91 08 4c 95 d0 9e bb 22 c5 0a a2 18 a2 07 87 05
08 42 f0 00 00 84 03 03 00 00 91 08 4c 95 d0 9e
bb 22 c5 0a a2 18 a2 07 87 05 08 42 f0 00 00 84
03 03 00 00 91 08 4c 95 d0 9e bb 22 c5 0a a2 18
a2 07 87 05 08 42 f0 00 00 84 03 03 00 00 91 08
4c 95 d0 9e bb 22 c5 0a a2 23 a2 12 a2 07 87 05
08 42 cd c7 ad a2 07 87 05 08 00 00 00 00 84 03
03 00 00 91 08 4c 95 d0 9e ba 9f b2 0a a2 23 a2
12 a2 07 87 05 08 42 cd 76 1e a2 07 87 05 08 00
00 00 00 84 03 03 00 00 91 08 4c 52 74 1e d2 b0
13 2a a2 23 a2 12 a2 07 87 05 08 42 cd d2 59 a2
07 87 05 08 00 00 00 00 84 03 03 00 00 91 08 4c
95 89 e8 52 f1 a4 0a a2 18 a2 07 87 05 08 42 f6
00 00 84 03 03 00 00 91 08 4c 95 d0 9e bb 22 c5
0a a2 18 a2 07 87 05 08 42 ea 00 00 84 03 03 00
00 91 08 4c 95 d0