01 00 5e 01 00 03 18 a9 05 6e f2 a9 08 00 45 00 
05 dc 78 66 20 00 01 11 74 78 c6 79 00 b5 e0 01 
00 03 23 31 23 30 06 18 de be 77 63 6b 00 00 00 
00 00 73 63 61 64 61 31 00 00 64 62 73 5f 33 37 
5f 31 31 00 00 00 00 00 00 00 61 6c 6c 00 00 00 
00 00 00 00 00 00 00 00 00 00 00 00 00 00 00 00 
00 00 00 00 00 00 00 00 00 00 00 00 00 00 00 00 
00 00 00 00 00 00 00 00 00 00 48 00 01 00 01 00 
00 00 98 05 00 00 11 00 00 00 01 03 00 00 18 14 
10 08 94 83 95 4c 00 00 00 00 00 00 00 00 1b 1d 
21 00 98 05 00 00 5e ce 92 4c 06 00 09 00 03 00 
80 02 73 63 61 64 61 31 00 00 00 00 00 00 00 00 
00 00 3b 14 00 00 10 e6 90 4c 05 00 00 00 7d bf 
c9 49 04 00 00 00 61 ce 92 4c 3b 14 00 00 10 e6 
90 4c 05 00 00 00 7d bf c9 49 04 00 00 00 61 ce 
92 4c 01 00 00 00 00 00 00 00 00 00 00 00 00 00 
00 00 00 00 00 00 00 00 00 00 00 00 00 00 02 00 
00 00 db 13 00 00 10 e6 90 4c 05 00 00 00 7d bf 
c9 49 04 00 00 00 61 ce 92 4c 03 00 00 00 5d 00 
00 00 1b 8d 6e 49 00 00 00 00 00 00 00 00 00 00 
00 00 00 00 00 00 01 00 00 00 00 00 00 00 00 00 
00 00 00 00 00 00 00 00 00 00 00 00 00 00 00 00 
00 00 02 00 00 00 db 13 00 00 10 e6 90 4c 05 00 
00 00 7d bf c9 49 04 00 00 00 61 ce 92 4c 03 00 
00 00 5d 00 00 00 1b 8d 6e 49 00 00 00 00 00 00 
00 00 00 00 00 00 00 00 00 00 a0 04 00 00 09 00 
1b 00 5b 00 00 00 01 00 00 00 00 00 00 00 00 00 
00 00 00 00 00 00 01 00 00 00 02 00 00 00 03 00 
00 00 04 00 00 00 05 00 00 00 06 00 00 00 07 00 
00 00 08 00 00 00 09 00 00 00 0a 00 00 00 0b 00 
00 00 0c 00 00 00 0d 00 00 00 0e 00 00 00 0f 00 
00 00 10 00 00 00 11 00 00 00 12 00 00 00 13 00 
00 00 14 00 00 00 15 00 00 00 16 00 00 00 17 00 
00 00 18 00 00 00 19 00 00 00 1a 00 00 00 1b 00 
00 00 1c 00 00 00 1d 00 00 00 1e 00 00 00 1f 00 
00 00 20 00 00 00 21 00 00 00 22 00 00 00 23 00 
00 00 24 00 00 00 25 00 00 00 26 00 00 00 27 00 
00 00 28 00 00 00 29 00 00 00 2a 00 00 00 2b 00 
00 00 2c 00 00 00 2d 00 00 00 2e 00 00 00 2f 00 
00 00 30 00 00 00 31 00 00 00 32 00 00 00 33 00 
00 00 34 00 00 00 35 00 00 00 36 00 00 00 37 00 
00 00 38 00 00 00 39 00 00 00 3a 00 00 00 3b 00 
00 00 3c 00 00 00 3d 00 00 00 3e 00 00 00 3f 00 
00 00 40 00 00 00 41 00 00 00 42 00 00 00 43 00 
00 00 44 00 00 00 45 00 00 00 46 00 00 00 47 00 
00 00 48 00 00 00 49 00 00 00 4a 00 00 00 4b 00 
00 00 4c 00 00 00 4d 00 00 00 4e 00 00 00 4f 00 
00 00 50 00 00 00 51 00 00 00 52 00 00 00 53 00 
00 00 54 00 00 00 55 00 00 00 56 00 00 00 57 00 
00 00 58 00 00 00 59 00 00 00 5a 00 00 00 00 00 
00 00 01 00 af 00 e0 02 00 00 00 00 00 00 05 00 
01 00 01 00 96 00 00 00 05 00 09 00 00 00 01 00 
00 00 00 00 00 00 f8 51 b1 fe 00 00 00 00 00 00 
00 00 d8 15 10 08 01 00 00 00 14 fc 09 28 2b 01 
00 00 14 fc 09 28 2b 01 00 00 14 fc 09 28 2b 01 
00 00 14 fc 09 28 2b 01 00 00 14 fc 09 28 2b 01 
00 00 14 fc 09 28 2b 01 00 00 14 fc 09 28 2b 01 
00 00 14 fc 09 28 2b 01 00 00 14 fc 09 28 2b 01 
00 00 14 fc 09 28 2b 01 00 00 14 fc 09 28 2b 01 
00 00 14 fc 09 28 2b 01 00 00 14 fc 09 28 2b 01 
00 00 14 fc 09 28 2b 01 00 00 14 fc 09 28 2b 01 
00 00 14 fc 09 28 2b 01 00 00 14 fc 09 28 2b 01 
00 00 14 fc 09 28 2b 01 00 00 14 fc 09 28 2b 01 
00 00 14 fc 09 28 2b 01 00 00 14 fc 09 28 2b 01 
00 00 14 fc 09 28 2b 01 00 00 14 fc 09 28 2b 01 
00 00 14 fc 09 28 2b 01 00 00 14 fc 09 28 2b 01 
00 00 14 fc 09 28 2b 01 00 00 14 fc 09 28 2b 01 
00 00 14 fc 09 28 2b 01 00 00 14 fc 09 28 2b 01 
00 00 14 fc 09 28 2b 01 00 00 14 fc 09 28 2b 01 
00 00 14 fc 09 28 2b 01 00 00 14 fc 09 28 2b 01 
00 00 14 fc 09 28 2b 01 00 00 14 fc 09 28 2b 01 
00 00 14 fc 09 28 2b 01 00 00 14 fc 09 28 2b 01 
00 00 14 fc 09 28 2b 01 00 00 14 fc 09 28 2b 01 
00 00 14 fc 09 28 2b 01 00 00 14 fc 09 28 2b 01 
00 00 14 fc 09 28 2b 01 00 00 14 fc 09 28 2b 01 
00 00 14 fc 09 28 2b 01 00 00 14 fc 09 28 2b 01 
00 00 14 fc 09 28 2b 01 00 00 14 fc 09 28 2b 01 
00 00 14 fc 09 28 2b 01 00 00 14 fc 09 28 2b 01 
00 00 14 fc 09 28 2b 01 00 00 14 fc 09 28 2b 01 
00 00 14 fc 09 28 2b 01 00 00 14 fc 09 28 2b 01 
00 00 14 fc 09 28 2b 01 00 00 14 fc 09 28 2b 01 
00 00 14 fc 09 28 2b 01 00 00 14 fc 09 28 2b 01 
00 00 14 fc 09 28 2b 01 00 00 14 fc 09 28 2b 01 
00 00 14 fc 09 28 2b 01 00 00 14 fc 09 28 2b 01 
00 00 14 fc 09 28 2b 01 00 00 14 fc 09 28 2b 01 
00 00 14 fc 09 28 2b 01 00 00 14 fc 09 28 2b 01 
00 00 14 fc 09 28 2b 01 00 00 14 fc 09 28 2b 01 
00 00 14 fc 09 28 2b 01 00 00 14 fc 09 28 2b 01 
00 00 14 fc 09 28 2b 01 00 00 14 fc 09 28 2b 01 
00 00 14 fc 09 28 2b 01 00 00 14 fc 09 28 2b 01 
00 00 14 fc 09 28 2b 01 00 00 14 fc 09 28 2b 01 
00 00 14 fc 09 28 2b 01 00 00 14 fc 09 28 2b 01 
00 00 14 fc 09 28 2b 01 00 00 14 fc 09 28 2b 01 
00 00 14 fc 09 28 2b 01 00 00 14 fc 09 28 2b 01 
00 00 14 fc 09 28 2b 01 00 00 