18 a9 05 6e f2 a8 08 01 c6 78 00 25 08 00 45 00 
01 1d 68 f6 40 00 40 06 43 1a c6 78 00 25 c6 78 
00 b5 00 66 aa 00 00 8a 4b e2 13 de c1 1d 50 18 
40 00 9b de 00 00 03 00 00 f5 02 f0 80 01 00 01 
00 61 81 e7 30 81 e4 02 01 03 a0 81 de a3 81 db 
a0 81 d8 a1 05 80 03 52 50 54 a0 81 ce 8a 07 75 
72 63 62 41 69 6e 84 03 06 38 00 8c 06 00 e6 23 
04 26 1b 8a 13 43 47 31 31 30 31 43 31 2f 4c 4c 
4e 30 24 64 73 41 69 6e 84 07 07 57 d5 f0 00 00 
00 87 05 08 42 84 5c 29 87 05 08 42 84 5c 29 87 
05 08 40 9f ae 14 87 05 08 40 9f ae 14 87 05 08 
41 b0 28 f6 87 05 08 41 b0 28 f6 87 05 08 42 7e 
5c 29 87 05 08 40 65 1e b8 87 05 08 40 65 1e b8 
87 05 08 40 65 1e b8 87 05 08 40 65 1e b8 87 05 
08 40 09 99 99 87 05 08 40 09 99 99 87 05 08 40 
e5 70 a4 84 02 02 40 84 02 02 40 84 02 02 40 84 
02 02 40 84 02 02 40 84 02 02 40 84 02 02 40 84 
02 02 40 84 02 02 40 84 02 02 40 84 02 02 40 84 
02 02 40 84 02 02 40 84 02 02 40 