01 0c cd 04 01 81 00 30 00 01 e2 01 81 00 80 79 
88 ba 40 11 00 ad 00 00 00 00 60 81 a2 80 01 01 
a2 81 9c 30 81 99 80 1a 4d 54 31 31 30 31 42 47 
4f 4c 44 2f 4c 4c 4e 30 24 47 4f 24 73 6d 76 63 
62 30 82 02 08 54 83 04 00 00 00 01 84 08 00 00 
00 00 00 00 00 00 85 01 00 86 02 64 00 87 60 00 
00 00 5f 00 00 00 00 00 00 00 4e 00 00 00 00 00 
00 00 5f 00 00 00 00 00 00 00 52 00 00 00 00 00 
00 00 05 00 00 00 00 00 00 00 04 00 00 00 00 00 
00 00 05 00 00 00 00 00 00 00 0a 00 00 00 00 00 
00 00 08 00 00 00 00 00 00 00 0b 00 00 00 00 00 
00 00 0b 00 00 00 00 00 00 00 0c 00 00 00 00 