00 01 7a 89 ff 0b 08 01 c6 78 00 2b 08 00 45 00
00 e8 da 91 40 00 40 06 d1 96 c6 79 00 2b c6 79
00 ca 00 66 0c 81 22 29 2c 93 52 ee 3d ec 80 18
20 00 92 b7 00 00 01 01 08 0a 00 86 b8 9a 00 05
5a 42 03 00 00 b4 02 f0 80 9e bb 22 c5 0a a2 18
a2 07 87 05 08 42 f0 00 00 84 03 03 00 00 91 08
4c 95 d0 9e bb 22 c5 0a a2 18 a2 07 87 05 08 41
90 00 00 84 03 03 00 00 91 08 4c 95 d0 9e bb 22
c5 0a a2 18 a2 07 87 05 08 41 a8 00 00 84 03 03
00 00 91 08 4c 95 d0 9e bb 22 c5 0a a2 18 a2 07
87 05 08 41 90 00 00 84 03 03 00 00 91 08 4c 95
d0 9e bb 22 c5 0a 84 02 02 08 84 02 02 08 84 02
02 08 84 02 02 08 84 02 02 08 84 02 02 08 84 02
02 08 84 02 02 08 84 02 02 08 84 02 02 08 84 02
02 08 84 02 02 08 84 02 02 08 84 02 02 08 84 02
02 08 84 02 02 08